[ 0.33736896  0.3991794  -0.55385982  1.76786181 -0.10803012  1.3966502  2.4690648 ]
[-0.11474131  0.62316456 -0.6405307   1.37967335 -0.09119012  1.42284508  1.9798045 ]
[-0.06617479  0.62528068 -0.63132777  1.28154867 -0.08247999  1.54014835  2.02238901]
[-0.03023994  0.64434563 -0.62046359  1.15870917 -0.06826838  1.66447869  2.06167018]
[-0.00774915  0.67996739 -0.60772268  1.00841428 -0.04871947  1.79565011  2.09545467]
[-0.00295441  0.73815305 -0.59381858  0.81602193 -0.02294548  1.94270302  2.12657698]
[-0.12307544  0.66211824 -0.65954367  1.38817639 -0.06344521  1.37846222  1.9603124 ]
[-0.09313301  0.68916379 -0.64635862  1.3075367  -0.04753063  1.4521084  1.99922973]
[-0.06995162  0.7222022  -0.63294181  1.21591251 -0.02935416  1.52683603  2.34636717]
[-0.05378925  0.76313597 -0.61943606  1.109094   -0.00999844  1.60785035  2.17164705]
[-0.04594377  0.81149306 -0.60498189  0.98578519  0.01226777  1.69437526  2.10490447]
[-0.20911499  0.73552851 -0.65185699  1.32679367 -0.03793511  1.34631406  1.85555216]
[-0.25966864  0.82882944 -0.6301629   1.18274641 -0.00793859  1.39374834  1.80885825]
[-0.31363735  0.92647706 -0.60935925  1.01753907  0.01976366  1.45562936  1.70649089]
[-0.37254521  1.03450646 -0.59068567  0.8196335   0.04400847  1.53696174  1.90075176]
[-0.4466236   1.16637922 -0.57189033  0.55625978  0.06763513  1.65308745  1.91133047]
